Weights: 1.87156484727 -0.893504953686 -1.17849239284 -0.137263915402 -0.188153567507 -0.414880768911 -0.0912944590492 1.04318211114 -0.389236496779 -0.820617439979 3.91459911648 -0.535595576549 0.717231987086 0.812240348824 -0.092114827772 0.503499992235 3.14764691791 1.71227335744 -0.642487278486 -0.288678329274 -0.839415921548 
Weights: -8.31107146029 0.989459486421 3.13329324218 
Biases: 1.83902130748 -0.27214669495 0.436728788664 
Biases: 1.21235252556 
